x: 5.0, y: 2.0, Результат: 6.86700383472508
x: 5.0, y: 7.0, Результат: 6.86700383472508
x: 5.0, y: 7.0, Результат: 6.86700383472508
x: 5.0, y: 7.0, Результат: 6.86700383472508
